Profit: $93665
Airplane Assignment (X[f,a] = 1):
f	a
1	3
2	7
3	10
4	9
5	12
6	11
7	6
8	10
9	8
10	7
11	6
12	3
13	12
14	9
15	10
16	11
17	3
18	7
19	6
20	8
21	10
22	9
23	11
24	7
25	12
26	6
27	3
28	8
29	11
30	10
31	9
32	7
33	6
34	12
35	8
36	3
37	10
38	11
39	6
40	7

Leased Airplane (Y[a] = 1):
Airplane 1
Airplane 2
Airplane 4
Airplane 5

S Assignment (S[f,a] = 1):
f	a
1	3
2	7
3	10
4	9
5	12
6	11
7	6
9	8

Z Assignment (Z[k,m,a] = 1):
k	m	a
1	12	3
2	10	7
3	8	10
4	14	9
5	13	12
6	16	11
7	11	6
8	15	10
9	20	8
10	18	7
11	19	6
12	17	3
13	25	12
14	22	9
15	21	10
16	23	11
17	27	3
18	24	7
19	26	6
20	28	8
21	30	10
22	31	9
23	29	11
24	32	7
25	34	12
26	33	6
27	36	3
28	35	8
29	38	11
30	37	10
32	40	7
33	39	6
