Profit: $93084
Airplane Assignment (X[f,a] = 1):
f	a
1	3
2	7
3	10
4	9
5	12
6	11
7	6
8	10
9	8
10	7
11	6
12	3
13	12
14	9
15	10
16	11
17	3
18	7
19	6
20	9
21	10
22	8
23	11
24	7
25	12
26	3
27	6
28	10
29	11
30	9
31	8
32	7
33	3
34	12
35	10
36	6
37	11
38	9
39	3
40	7

Leased Airplane (Y[a] = 1):
Airplane 1
Airplane 2
Airplane 4
Airplane 5

S Assignment (S[f,a] = 1):
f	a
1	3
2	7
3	10
4	9
5	12
6	11
7	6
9	8

Z Assignment (Z[k,m,a] = 1):
k	m	a
1	12	3
2	10	7
3	8	10
4	14	9
5	13	12
6	16	11
7	11	6
8	15	10
9	22	8
10	18	7
11	19	6
12	17	3
13	25	12
14	20	9
15	21	10
16	23	11
17	26	3
18	24	7
19	27	6
20	30	9
21	28	10
22	31	8
23	29	11
24	32	7
25	34	12
26	33	3
27	36	6
28	35	10
29	37	11
30	38	9
32	40	7
33	39	3

L Assignment (L[f,a] = 1):
f	a
31	8
34	12
35	10
36	6
37	11
38	9
39	3
40	7
