param cost :=
[1,1] 8043
[2,1] 7748
[3,1] 9430
[4,1] 8651
[5,1] 7689
[6,1] 7550
[7,1] 6802
[8,1] 7424
[9,1] 9316
[10,1] 7990
[11,1] 6876
[12,1] 9615
[13,1] 8721
[14,1] 7203
[15,1] 9175
[16,1] 10038
[17,1] 10173
[18,1] 6854
[19,1] 7805
[20,1] 7947
[21,1] 8185
[22,1] 7587
[23,1] 9320
[24,1] 7145
[25,1] 8340
[26,1] 8832
[27,1] 7697
[28,1] 6747
[29,1] 7502
[30,1] 8893
[31,1] 7930
[32,1] 8120
[33,1] 9108
[34,1] 8785
[35,1] 9187
[36,1] 8200
[37,1] 9504
[38,1] 10712
[39,1] 7268
[40,1] 8340
[1,2] 7922
[2,2] 7534
[3,2] 8354
[4,2] 8127
[5,2] 8101
[6,2] 8281
[7,2] 8133
[8,2] 9178
[9,2] 8566
[10,2] 6697
[11,2] 6480
[12,2] 6325
[13,2] 7431
[14,2] 8622
[15,2] 8203
[16,2] 7267
[17,2] 7606
[18,2] 9520
[19,2] 7460
[20,2] 7225
[21,2] 7193
[22,2] 8442
[23,2] 7267
[24,2] 7114
[25,2] 9586
[26,2] 8223
[27,2] 8107
[28,2] 9596
[29,2] 8350
[30,2] 6914
[31,2] 6007
[32,2] 8721
[33,2] 7291
[34,2] 6701
[35,2] 6869
[36,2] 6597
[37,2] 7177
[38,2] 7838
[39,2] 8446
[40,2] 7115
[1,3] 8659
[2,3] 7260
[3,3] 9747
[4,3] 7362
[5,3] 7374
[6,3] 7063
[7,3] 6970
[8,3] 8662
[9,3] 6770
[10,3] 8660
[11,3] 8552
[12,3] 8783
[13,3] 8701
[14,3] 8359
[15,3] 7335
[16,3] 8560
[17,3] 8037
[18,3] 6736
[19,3] 8396
[20,3] 5930
[21,3] 7735
[22,3] 8976
[23,3] 5998
[24,3] 7749
[25,3] 9543
[26,3] 8657
[27,3] 9251
[28,3] 10357
[29,3] 8805
[30,3] 7384
[31,3] 6960
[32,3] 6027
[33,3] 8683
[34,3] 6153
[35,3] 9446
[36,3] 8417
[37,3] 6864
[38,3] 7600
[39,3] 6741
[40,3] 9151
[1,4] 6899
[2,4] 8073
[3,4] 10715
[4,4] 7173
[5,4] 7442
[6,4] 8299
[7,4] 8172
[8,4] 8292
[9,4] 8844
[10,4] 7598
[11,4] 8114
[12,4] 9386
[13,4] 6264
[14,4] 7653
[15,4] 8067
[16,4] 8252
[17,4] 6675
[18,4] 9194
[19,4] 8323
[20,4] 9238
[21,4] 8548
[22,4] 8755
[23,4] 8719
[24,4] 7078
[25,4] 7720
[26,4] 8784
[27,4] 9361
[28,4] 8114
[29,4] 8856
[30,4] 7582
[31,4] 9413
[32,4] 8189
[33,4] 5384
[34,4] 8263
[35,4] 7184
[36,4] 9068
[37,4] 7241
[38,4] 6564
[39,4] 6407
[40,4] 7011
[1,5] 6666
[2,5] 8558
[3,5] 9626
[4,5] 7432
[5,5] 5883
[6,5] 8163
[7,5] 6133
[8,5] 6629
[9,5] 8851
[10,5] 8031
[11,5] 7455
[12,5] 7689
[13,5] 8400
[14,5] 9092
[15,5] 9902
[16,5] 7059
[17,5] 7140
[18,5] 7560
[19,5] 8075
[20,5] 9247
[21,5] 6588
[22,5] 7695
[23,5] 8123
[24,5] 6001
[25,5] 9634
[26,5] 8125
[27,5] 9081
[28,5] 7210
[29,5] 7808
[30,5] 6852
[31,5] 6815
[32,5] 9490
[33,5] 6333
[34,5] 7123
[35,5] 7030
[36,5] 8552
[37,5] 8330
[38,5] 8515
[39,5] 7355
[40,5] 8786
[1,6] 9116
[2,6] 10393
[3,6] 7665
[4,6] 7495
[5,6] 9951
[6,6] 9684
[7,6] 8607
[8,6] 8325
[9,6] 9142
[10,6] 7449
[11,6] 8835
[12,6] 8319
[13,6] 7474
[14,6] 7116
[15,6] 10110
[16,6] 8512
[17,6] 7014
[18,6] 7862
[19,6] 7113
[20,6] 9621
[21,6] 7683
[22,6] 10056
[23,6] 8457
[24,6] 7938
[25,6] 5927
[26,6] 8235
[27,6] 7256
[28,6] 7599
[29,6] 9687
[30,6] 7142
[31,6] 9759
[32,6] 7436
[33,6] 8430
[34,6] 8424
[35,6] 8650
[36,6] 9373
[37,6] 8884
[38,6] 9621
[39,6] 8437
[40,6] 6792
[1,7] 8162
[2,7] 7956
[3,7] 7814
[4,7] 6436
[5,7] 7219
[6,7] 8428
[7,7] 7940
[8,7] 8402
[9,7] 9021
[10,7] 8538
[11,7] 8381
[12,7] 10129
[13,7] 7170
[14,7] 7848
[15,7] 7512
[16,7] 8499
[17,7] 7870
[18,7] 6788
[19,7] 7771
[20,7] 8738
[21,7] 9098
[22,7] 8778
[23,7] 8806
[24,7] 9085
[25,7] 8525
[26,7] 8607
[27,7] 8693
[28,7] 5891
[29,7] 8991
[30,7] 9913
[31,7] 8096
[32,7] 10481
[33,7] 8295
[34,7] 8008
[35,7] 7619
[36,7] 6096
[37,7] 8403
[38,7] 7831
[39,7] 8562
[40,7] 7483
[1,8] 9127
[2,8] 9346
[3,8] 8082
[4,8] 8777
[5,8] 7243
[6,8] 8877
[7,8] 7497
[8,8] 8707
[9,8] 7914
[10,8] 8919
[11,8] 7236
[12,8] 8320
[13,8] 9920
[14,8] 7859
[15,8] 10386
[16,8] 8224
[17,8] 6696
[18,8] 9224
[19,8] 7606
[20,8] 9076
[21,8] 9989
[22,8] 7584
[23,8] 7807
[24,8] 10474
[25,8] 8153
[26,8] 8953
[27,8] 10430
[28,8] 8530
[29,8] 9198
[30,8] 6369
[31,8] 9857
[32,8] 7883
[33,8] 8639
[34,8] 7130
[35,8] 6744
[36,8] 10238
[37,8] 7567
[38,8] 6961
[39,8] 6709
[40,8] 8581
[1,9] 6515
[2,9] 6615
[3,9] 7284
[4,9] 8063
[5,9] 7311
[6,9] 8292
[7,9] 7145
[8,9] 8403
[9,9] 6038
[10,9] 6556
[11,9] 8280
[12,9] 8290
[13,9] 7082
[14,9] 9798
[15,9] 6810
[16,9] 8426
[17,9] 8264
[18,9] 7029
[19,9] 7769
[20,9] 6445
[21,9] 7654
[22,9] 7595
[23,9] 9538
[24,9] 7316
[25,9] 9543
[26,9] 7626
[27,9] 8271
[28,9] 8440
[29,9] 9296
[30,9] 8525
[31,9] 7382
[32,9] 8924
[33,9] 8416
[34,9] 7697
[35,9] 5694
[36,9] 8751
[37,9] 8325
[38,9] 7895
[39,9] 7833
[40,9] 7519
[1,10] 9185
[2,10] 7020
[3,10] 7345
[4,10] 8248
[5,10] 7976
[6,10] 8553
[7,10] 7667
[8,10] 8370
[9,10] 7900
[10,10] 9353
[11,10] 8487
[12,10] 6124
[13,10] 8083
[14,10] 8190
[15,10] 6299
[16,10] 8713
[17,10] 6715
[18,10] 7786
[19,10] 8779
[20,10] 6796
[21,10] 8580
[22,10] 10656
[23,10] 9125
[24,10] 7434
[25,10] 9483
[26,10] 7621
[27,10] 8364
[28,10] 8650
[29,10] 6785
[30,10] 6938
[31,10] 8121
[32,10] 7407
[33,10] 6733
[34,10] 8014
[35,10] 8310
[36,10] 8421
[37,10] 8425
[38,10] 8163
[39,10] 7280
[40,10] 7781
[1,11] 8349
[2,11] 8077
[3,11] 10914
[4,11] 9265
[5,11] 8662
[6,11] 8960
[7,11] 8890
[8,11] 8808
[9,11] 10686
[10,11] 9695
[11,11] 7657
[12,11] 7171
[13,11] 6973
[14,11] 8874
[15,11] 7177
[16,11] 8266
[17,11] 8418
[18,11] 8438
[19,11] 9670
[20,11] 8093
[21,11] 7900
[22,11] 10211
[23,11] 8161
[24,11] 8978
[25,11] 7655
[26,11] 9766
[27,11] 8295
[28,11] 8025
[29,11] 9381
[30,11] 8490
[31,11] 7493
[32,11] 7531
[33,11] 7613
[34,11] 5682
[35,11] 9209
[36,11] 8456
[37,11] 8786
[38,11] 9798
[39,11] 10303
[40,11] 8885
[1,12] 9204
[2,12] 7242
[3,12] 8973
[4,12] 8116
[5,12] 7918
[6,12] 5877
[7,12] 7678
[8,12] 7595
[9,12] 7539
[10,12] 5918
[11,12] 8899
[12,12] 8199
[13,12] 5292
[14,12] 7685
[15,12] 9259
[16,12] 9121
[17,12] 6941
[18,12] 8676
[19,12] 6523
[20,12] 9046
[21,12] 7895
[22,12] 10193
[23,12] 8581
[24,12] 8449
[25,12] 7893
[26,12] 7197
[27,12] 8348
[28,12] 9449
[29,12] 8805
[30,12] 6972
[31,12] 9147
[32,12] 8691
[33,12] 5106
[34,12] 7768
[35,12] 7547
[36,12] 9041
[37,12] 7542
[38,12] 8203
[39,12] 10185
[40,12] 7925
;